1500 1

2600 1

3800 2

5600 2

6100 3

6500 3

7600 1

9000 2

10500 3

11000 2

11400 2

11800 3

12000 1

12400 3

12800 2

13200 2

13400 2

13600 1

14000 2

14400 2

14600 1

15000 3

15200 2

15600 2

16000 1

16400 2

16800 3

17200 2

17400 2

17700 1

18000 2

18300 3

18600 3

19200 2

19600 1

20000 2

20300 2

20600 1

20900 1

21400 2

21600 3

22000 3

22300 2

22400 3

22700 2

24200 1

24600 3

25000 1

25400 1

25800 2

26200 1

26400 2

26800 3

27200 2

27600 3

28000 2

28400 3

28800 1

29400 2

29800 3

30000 2

30400 2

30800 1

31200 3

31600 2

32000 2

32400 3

32700 2

33000 2

33300 1

33600 1

34000 3

34300 2

34600 2

35000 1

35200 1

35600 2

36000 1

36200 3

36600 3

37000 2

37400 2

37800 1

38200 1

38600 2

39200 3

39800 2

40000 2

40200 1

40600 3

41000 2

41300 2

41500 2

41700 2

42000 3

42300 1

42600 3

43000 2	

43400 2

43800 1

44000 2

44400 3

44800 2

45200 1

45600 2

46000 3

46400 3

47000 2

47600 1

48000 3

48400 2

48600 1

49000 2

49400 1

49700 3

50000 2

50400 3

51000 2

51300 1

51600 3

52200 1

52600 2

53000 3

53600 1

54200 2

54600 3

55200 2

56000 2

56400 1

56800 3

57200 1

57500 2

57800 1

58000 3

58200 1

58500 2

58800 3

59200 1

59500 2

60200 3

60800 1

61000 2

61400 2

62200 3

62800 2

63400 3

64000 2

64600 1

65000 2

65400 1

65800 3

66200 2

66500 2

66800 1

67500 2

68000 3

68300 2

68600 1

69000 2

69500 3

70000 2

70500 1

71000 2

71500 3

72000 1

72500 1

73000 3

73500 2

74000 2

74500 1

75000 3

75500 2

76000 2

76500 2

77000 1

77500 3

78000 1

78300 2

78600 1

78900 2

79200 3

79500 3

79800 2

80000 3

80500 2

81000 2

81300 2

81600 3

82000 3

82500 1

82800 2

83500 2

83800 3

84200 3

84600 2

85000 1

85600 2

86000 1

86600 3

87200 1

87600 2

88200 3

88600 3

89000 2

89400 2

89800 1

90000 1

90500 2

90900 1

91400 3

91800 2

92200 1

92800 2

93400 3

94000 3

94400 2

94800 3

95400 1

95800 2

96200 1

96600 3

97000 2

97500 1

98000 3

98400 2

98800 1

99200 3

99600 1

100000 2

100300 3

100600 2

100900 2

101200 1

101500 2

101800 3

102100 2

102400 2

102700 3

103000 3

103300 1

103600 2

104000 3

104500 2

105000 2

105300 1

105600 2

105900 3

106400 3

106800 2

107200 1

107600 2

108000 2

108500 1

109000 2