1000 1

3000 2

3500 3

3900 1

4200 2

9200 3

9600 1

10600 2

10800 1

11300 3

13200 1

14700 3

15400 1

17000 3

17700 3

18500 1

19300 2

20100 2

21200 1

21700 2

23100 3

24000 2

26300 1

27000 2

28000 3

28600 2

29200 1

29600 2

30000 2

30500 1

31200 3

31700 3

32000 2

32500 1

33000 2

33600 3

34000 2

34400 2

35000 1

35500 2

36000 3

36300 2

36800 1

37000 2

37600 2

38000 3

38600 3

39000 1

40200 3

40600 2

41000 2

41400 2

41800 1

42200 1

42600 1

43000 1

44000 3

44400 3

44800 1

45600 2

46400 1

47200 2

47600 3

48000 2

48400 3

48800 2

49200 1

50000 2

50600 2

51000 3

51800 2

52200 1

53000 3

53400 2

53800 2

54200 1

54600 1

54800 3

55200 2

55600 1

56000 2

56500 3

57000 2

58000 1

58400 1

58800 2

59200 2

59600 3

60000 3

60600 2

61400 1

62200 3

62600 2

63000 1

63400 3

63800 1

64200 2

64600 3

65000 2

65400 1

65800 2

66000 3

66600 2

67200 2

67600 3

68000 2

68400 3

68800 2

69200 3

69600 1

70000 3

70400 2

70800 2

71200 3

71600 3

72000 1

72400 3

72800 2

73200 3

73800 1

74200 2

74600 2

75000 1

75400 2

75800 1

76200 2

76800 1

77500 2

78000 3

78400 2

78800 3

79200 1

80000 2

80800 1

81200 2

81600 3

82000 1

82400 2

83000 3

83500 2

84000 1

84400 2

88800 3

89200 2

90000 2

90400 1

90800 2

91200 3

92000 3

92400 2

92800 1

93200 3

93600 1

94000 3

94400 2

95000 2

95400 3

95800 3

96200 1

96600 1

97000 2

97400 3

97800 2

98200 1

98600 2

99000 3

99400 1

99800 2

100200 3

100600 2

101600 1

102000 2

102400 2

103000 3

103500 1

104000 2

104800 2

105200 1

105600 3

106000 2

107000 1

107800 2

108200 3

109000 2

109500 1

110000 2

110400 1

110800 1

111200 1

111600 2

112000 2

112500 2

113000 3

113500 3

114000 3

114400 1

114800 2

115200 3

115600 2

116000 1

116500 2

117000 3

117500 2

118000 2

118500 3

119000 2

119500 1

120000 1

120500 2

121000 1

121500 2

122000 3

122500 2

123000 1

123500 2

124000 2

124500 2

125000 1